201
233
210
83
72
84
241
7
226
173
80
27
254
172
138
52
256
18
170
55
150
153
99
114
68
162
227
123
139
76
63
85
29
182
100
115
22
21
146
252
61
4
197
152
145
81
88
253
105
40
236
25
235
193
164
129
231
142
70
225
46
35
82
59
60
247
130
212
101
192
57
200
77
151
147
15
179
134
214
53
160
113
65
119
93
167
217
37
264
124
215
218
62
50
89
260
127
177
208
125
2
230
169
183
24
48
64
108
250
229
148
186
168
71
189
6
86
102
181
194
190
237
176
116
87
117
16
174
187
251
98
97
137
257
143
31
106
9
26
128
5
240
171
11
140
249
131
223
265
248
58
28
12
10
39
246
261
36
20
219
188
211
157
38
109
191
199
165
259
67
126
96
14
94
132
1
196
118
30
195
121
111
158
95
133
224
33
155
175
120
135
220
78
245
73
163
47
198
243
228
263
242
238
180
66
13
3
34
51
91
178
17
232
136
221
112
23
110
234
206
149
209
161
69
258
8
122
255
79
75
49
41
222
43
205
159
54
184
42
244
44
32
213
262
207
239
107
185
202
141
156
74
45
216
203
90
19
154
92
166
144
56
204