141
14
165
193
108
82
37
181
253
138
86
167
109
163
7
176
50
76
224
244
4
235
120
13
263
216
241
133
100
210
217
202
83
175
122
207
184
250
170
23
45
220
73
231
97
243
153
192
65
237
228
31
99
239
75
1
145
194
222
67
187
117
227
81
26
221
252
182
196
152
161
64
123
150
111
156
2
144
256
247
33
53
118
255
40
60
260
39
57
191
29
223
139
126
102
121
8
189
164
203
112
101
19
206
12
146
225
157
234
71
214
209
208
77
251
70
124
168
205
169
236
215
30
88
42
116
258
185
229
68
249
89
94
134
10
240
63
28
166
128
5
131
106
151
186
95
159
171
218
36
18
173
262
125
213
257
41
79
34
92
17
201
24
212
147
233
140
160
46
142
162
149
90
62
132
137
211
72
21
6
84
148
238
58
261
54
56
105
85
74
59
115
246
107
130
43
114
180
87
16
51
22
195
254
219
61
174
190
200
136
179
52
197
25
177
155
35
3
91
248
47
48
129
49
96
55
158
183
127
232
9
265
27
104
66
188
119
80
32
172
20
98
154
198
44
264
69
15
93
242
178
259
230
143
11
135
78
38
204
113
226
245
199